X	Y	Z
1.00000	0.00000	0
0.99806	0.00048	0
0.99249	0.00203	0
0.98372	0.00463	0
0.97210	0.00811	0
0.95784	0.01223	0
0.94102	0.01672	0
0.92161	0.02148	0
0.89968	0.02657	0
0.87546	0.03195	0
0.84915	0.03756	0
0.82098	0.04333	0
0.79117	0.04914	0
0.75995	0.05489	0
0.72757	0.06038	0
0.69410	0.06544	0
0.65962	0.07006	0
0.62435	0.07417	0
0.58844	0.07772	0
0.55208	0.08071	0
0.51546	0.08310	0
0.47877	0.08486	0
0.44221	0.08600	0
0.40597	0.08648	0
0.37024	0.08634	0
0.33522	0.08556	0
0.30110	0.08415	0
0.26808	0.08215	0
0.23633	0.07956	0
0.20603	0.07639	0
0.17735	0.07269	0
0.15044	0.06847	0
0.12544	0.06379	0
0.10249	0.05866	0
0.08169	0.05313	0
0.06316	0.04726	0
0.04698	0.04105	0
0.03315	0.03458	0
0.02179	0.02795	0
0.01284	0.02119	0
0.00619	0.01446	0
0.00197	0.00797	0
0.00011	0.00182	0
0.00035	-0.00341	0
0.00371	-0.00730	0
0.01068	-0.01042	0
0.02068	-0.01311	0
0.03369	-0.01516	0
0.04982	-0.01659	0
0.06901	-0.01751	0
0.09117	-0.01805	0
0.11611	-0.01826	0
0.14365	-0.01821	0
0.17358	-0.01792	0
0.20570	-0.01744	0
0.23979	-0.01679	0
0.27559	-0.01599	0
0.31286	-0.01506	0
0.35135	-0.01401	0
0.39078	-0.01286	0
0.43089	-0.01159	0
0.47140	-0.01016	0
0.51208	-0.00853	0
0.55277	-0.00671	0
0.59330	-0.00475	0
0.63345	-0.00273	0
0.67298	-0.00077	0
0.71161	0.00102	0
0.74904	0.00255	0
0.78494	0.00377	0
0.81900	0.00462	0
0.85093	0.00510	0
0.88041	0.00521	0
0.90718	0.00496	0
0.93097	0.00442	0
0.95153	0.00364	0
0.96868	0.00273	0
0.98224	0.00178	0
0.99204	0.00090	0
0.99800	0.00026	0
1.00000	0.00000	0